Request Id,prefill_time_execution_plus_preemption,cdf
0_1,2.606790016987361,0.2
0_4,2.608647541026585,0.4
0_2,2.6093448869651183,0.6
0_3,2.613534304080531,0.8
0_0,2.654020955087617,1.0
